%YAML:1.0

camera.fx: 718.856
camera.fy: 718.856
camera.cx: 607.1928
camera.cy: 185.2157