%YAML:1.0

camera.fx: 703.24
camera.fy: 701.01
camera.cx: 328.29
camera.cy: 263.27
